100_0100_0001.JPG 102.30112786111111 27.80561972222222 1657.36
100_0100_0002.JPG 102.30090458333333 27.80539538888889 1660.471
100_0100_0003.JPG 102.30070708333334 27.80520063888889 1661.264
100_0100_0004.JPG 102.30050580555556 27.805001805555555 1660.2
100_0100_0005.JPG 102.30030630555555 27.804804055555557 1660.676
100_0100_0006.JPG 102.30010008333333 27.80459652777778 1664.743
100_0100_0007.JPG 102.29990005555555 27.80439 1663.217
100_0100_0008.JPG 102.29969844444445 27.804190305555558 1666.893
100_0100_0009.JPG 102.29950211111111 27.803994194444446 1664.551
100_0100_0010.JPG 102.29929980555555 27.80380102777778 1662.941
100_0100_0011.JPG 102.29909686111111 27.803602416666667 1660.667
100_0100_0012.JPG 102.29889030555556 27.803398 1660.486
100_0100_0013.JPG 102.29869069444445 27.803198194444445 1661.283
100_0100_0014.JPG 102.29849269444445 27.803003722222222 1660.035
100_0100_0015.JPG 102.29828625 27.802798805555557 1660.443
100_0100_0016.JPG 102.29808827777778 27.80260002777778 1660.359
100_0100_0017.JPG 102.2978826111111 27.802397694444444 1661.274
100_0100_0018.JPG 102.29768727777778 27.802202083333334 1659.837
100_0100_0019.JPG 102.29747616666667 27.802009916666666 1661.813
100_0100_0020.JPG 102.29726525 27.801821416666666 1660.425
100_0100_0021.JPG 102.29707183333333 27.80159822222222 1662.81
100_0100_0022.JPG 102.2968805 27.801392833333335 1661.209
100_0100_0023.JPG 102.29667852777777 27.80119427777778 1661.615
100_0100_0024.JPG 102.29647994444444 27.800996666666666 1660.744
100_0100_0025.JPG 102.29627766666667 27.80079552777778 1659.979
100_0100_0026.JPG 102.29607877777778 27.800591944444445 1660.365
100_0100_0027.JPG 102.2958745 27.800391805555556 1660.598
100_0100_0028.JPG 102.29567444444444 27.800190861111112 1660.964
100_0100_0029.JPG 102.29547375 27.79999477777778 1660.256
100_0100_0030.JPG 102.2952725 27.799795722222225 1659.661
100_0100_0031.JPG 102.29507030555556 27.79959377777778 1659.429
100_0100_0032.JPG 102.29486997222222 27.799397694444448 1659.411
100_0100_0033.JPG 102.29466575 27.79919616666667 1659.471
100_0100_0034.JPG 102.29461733333333 27.79912638888889 1660.065
100_0100_0035.JPG 102.29484755555555 27.79894777777778 1658.0
